[-0.9771888, 0.045102008, 0.20752788, 2.0, 0.0, -0.9771888, 0.21237233, 0.0, 0.21237233, 0.20752788, 0.954898, 0.0, 0.0, 0.0, 0.0, 1.0]
 1.195E+0  0.000E+0  0.000E+0  0.000E+0
 0.000E+0  1.793E+0  0.000E+0  0.000E+0
 0.000E+0  0.000E+0 -1.000E+0 -2.000E-1
 0.000E+0  0.000E+0 -1.000E+0  0.000E+0

[1.1950607, 0.0, 0.0, 0.0, 0.0, 1.792591, 0.0, 0.0, 0.0, 0.0, -1.0001999, -0.20002, 0.0, 0.0, -1.0, 0.0]
 1.000E+0  0.000E+0  0.000E+0  0.000E+0
 0.000E+0  1.000E+0  0.000E+0  0.000E+0
 0.000E+0  0.000E+0  1.000E+0 -5.000E+0
 0.000E+0  0.000E+0  0.000E+0  1.000E+0

[1.0, 0.0, 0.0, 0.0, 0.0, 1.0, 0.0, 0.0, 0.0, 0.0, 1.0, -5.0, 0.0, 0.0, 0.0, 1.0]
-3.168E-1  8.997E-1  3.005E-1 -2.000E+0
 0.000E+0 -3.168E-1  9.485E-1  0.000E+0
 9.485E-1  3.005E-1  1.003E-1  0.000E+0
 0.000E+0  0.000E+0  0.000E+0  1.000E+0
